.Random.seed <-
c(403L, 392L, 398649699L, -323909978L, 1055839916L, -2048997342L, 
935018143L, -1009611178L, -513548977L, 648812768L, 1123261130L, 
123330738L, 259699146L, 773979971L, -1904604543L, 2018956471L, 
-1284593748L, -1842802233L, -935547981L, 458187190L, -862200471L, 
246496439L, 1488070206L, 252330156L, 55392750L, -542797190L, 
55791061L, 233111521L, 1592079144L, 312920047L, -2076150406L, 
1691909505L, 613075425L, -224607405L, -648534097L, 1211267456L, 
-264353592L, 651999265L, -1051007518L, 340188221L, -818409816L, 
409905259L, 1432703322L, 286177124L, 391036168L, -1038189983L, 
330697411L, 131948705L, 1760951252L, 1481307785L, 155776428L, 
-1500464003L, -1452133349L, -1812515332L, 864767863L, 951795485L, 
-1435413002L, -1827769567L, 256522724L, 355470825L, -1459651475L, 
-1290830458L, -55397351L, 2141980390L, -323713179L, 1471761484L, 
-1016550765L, 522442084L, -2069161656L, 465788565L, -1814174091L, 
-125136812L, 891609364L, 2045126494L, 464310726L, 1754691993L, 
-183465343L, 707561635L, 259050321L, 132219120L, -824657513L, 
166851685L, 1668100065L, 325601424L, -1447690427L, -1181182066L, 
-1355349830L, 1578663755L, -1968838775L, -1354002291L, -265568202L, 
-589177325L, -1274883302L, -940645874L, 725955463L, 1218507604L, 
-1763669918L, -383861601L, -1746438146L, -1591516904L, 1327082875L, 
-189371176L, 1226503268L, -285691113L, -2004995578L, 686000761L, 
-682817337L, -665710300L, 191643177L, -1487052723L, 1391028077L, 
1344412420L, 1355390158L, -919599742L, 2027509391L, 885905577L, 
937570431L, -47289463L, -13208349L, -792442065L, 813056064L, 
-1899766560L, 792821612L, 253090177L, -969929084L, -1900901690L, 
388311989L, 591140293L, -1023329513L, 1204998660L, -1847255503L, 
-350108106L, -561151218L, -651656729L, -1005346966L, 2012938437L, 
-373582334L, -469200194L, -283651115L, 2121995594L, 629884341L, 
-1789793465L, -557764075L, -1767384180L, 323534920L, 1612121874L, 
-742305602L, 1144014647L, 1911279140L, 1081270962L, -1938330084L, 
-840731728L, -87630759L, 2146946651L, -1982547986L, 1097746707L, 
-1963333042L, -1826827800L, -398465260L, -330990931L, -987423745L, 
1959662396L, 1211060686L, -1994442754L, -157678263L, -581805954L, 
1175214763L, -1742629193L, -724590665L, 897283961L, 1078133012L, 
137095578L, 852302311L, 831412761L, 1672669216L, -1709199914L, 
-1499274898L, -547223169L, 1316661486L, -1130870466L, -1285083051L, 
-1255606886L, -317481537L, 858988869L, 657784343L, -1200515784L, 
-101055510L, -473465461L, 867720996L, 356153258L, 383509412L, 
1679694804L, -65996811L, 1947953613L, -1871020030L, 90584337L, 
1948835101L, -713599075L, 1838409934L, -637776649L, -1638982283L, 
823473789L, 1335727343L, 663264512L, 166279141L, -1054029674L, 
2110802234L, 1263139423L, 394242876L, 2101462988L, 1057351593L, 
-938885216L, -1459193419L, -1229619435L, -1697814251L, 280017972L, 
1505585197L, -1938561666L, -1360300823L, -283549835L, 86240649L, 
127783951L, -1630574747L, -1783392317L, 1920089473L, 2050721991L, 
-1513205666L, 2135627927L, -1405835311L, 1372771208L, 55621276L, 
-155055062L, 411019157L, -1077828771L, 363581486L, -531430846L, 
548581182L, -1987961012L, 165449964L, -1370478442L, -722081183L, 
-67260742L, -616423178L, -664500173L, -234809607L, 238086301L, 
707847547L, -1168727158L, 1399970961L, -1217569741L, 1599209605L, 
-482761784L, -1814765666L, 2104362206L, 495140634L, -1211430129L, 
1582316498L, 2023545808L, 1045963688L, -90801200L, -1152783828L, 
-1525142194L, 1440350832L, -506959466L, 86017379L, 1694134386L, 
768739304L, 1389865260L, 1683847778L, 1417788579L, 2109255642L, 
-1716832074L, 720946363L, 1644257236L, 1545593552L, 1331549098L, 
996551436L, -1572569543L, -1943726514L, 1178797501L, -955842576L, 
-1973781418L, -1498729511L, 506483581L, 1417671267L, 671364119L, 
1139234200L, -1711162721L, 1216087883L, 1548781243L, 1477944783L, 
275345362L, -574858736L, 412397364L, 1931642036L, 1249309303L, 
-1084565270L, -905665703L, -1038711361L, -1862663096L, 2002076631L, 
1132139678L, -437527535L, -110892995L, -1444931740L, -852784218L, 
-453633425L, 1427959828L, 588780963L, 330414831L, 1547608457L, 
829161967L, 1633950195L, 519515955L, 242845093L, 36390136L, 1652793309L, 
-59875710L, 993847648L, -214885648L, 381422641L, -222011408L, 
-979684973L, 1609899671L, 75459661L, 1175817240L, 1957994289L, 
-1935958295L, 468616886L, -97064676L, 162099851L, 1400683961L, 
2009347459L, -886845897L, -236866461L, -1035290864L, 451739453L, 
-1080603752L, -1962456248L, 1707597525L, 886328730L, 1226931170L, 
776366712L, -2064113035L, -154594407L, -1327131198L, -1200927625L, 
-483325360L, -1638452361L, -570094494L, 704455345L, -210763786L, 
-1797714767L, 1767534186L, 1470550897L, -2130941379L, 1547798251L, 
1277053630L, 1792574250L, -1768483410L, 1261471775L, 251526079L, 
874283010L, -635370375L, 1527403235L, -2052909032L, -237421680L, 
1866724326L, 1109074321L, -1682201941L, 277688524L, 1485598879L, 
-747142888L, 289191672L, -196507156L, 682547876L, -262465929L, 
-1754971137L, -1736120556L, -1487273800L, 10251572L, -709920761L, 
-1272658176L, -512574887L, -1518017050L, -1497660687L, 1511121761L, 
745771689L, 515298245L, 1668031334L, -1012160634L, -1112402292L, 
-518927144L, -1730075565L, -884531609L, 879674067L, -1681226941L, 
1793970132L, 1382114440L, 1782078325L, 825519399L, -1370100082L, 
324365762L, 26159928L, 718645949L, -283500944L, -1720155906L, 
154747425L, 113681544L, 1910188988L, 449385943L, -266792696L, 
-516444039L, -240826162L, 1886242538L, -803685012L, -2095487907L, 
-1029944223L, 502365154L, 1317416760L, -14252629L, -1673273519L, 
-1025789010L, 307166613L, -1020780722L, 659218061L, 322607686L, 
666810253L, -1825925118L, -170137059L, -1422061666L, -919128153L, 
-889309052L, 1303161445L, -407477166L, 1814682139L, 1165816233L, 
989885175L, -60200203L, -304094045L, -216161333L, -869781617L, 
-44090230L, 1600261840L, 2140930603L, 1629252235L, 958632710L, 
1154556204L, -2107182340L, 780166202L, 601259074L, -1675334492L, 
1656125032L, -16343525L, 215054285L, 944849432L, 1850327721L, 
-408414879L, 2005685304L, -826255207L, 1374975566L, -324225422L, 
974154473L, -44438921L, 1101164859L, 1920941427L, 1071963559L, 
1625297051L, 895935120L, 140264206L, -109141435L, -912194261L, 
46978734L, -1503321884L, 1831950606L, -1448962005L, -770416420L, 
-1790757977L, 2115890621L, 23819158L, 778366738L, 893624017L, 
721478517L, 1914200554L, -371854209L, 429646658L, 1980416374L, 
-1513360493L, 1668039941L, -250823806L, -343830735L, 1660233626L, 
-1109819654L, -1641433539L, -1516442212L, 2102875882L, -536557161L, 
1256703796L, -5557073L, -1782978912L, -484695307L, -1703719138L, 
1809906346L, 1346778827L, 2024285751L, -1470176456L, 869463286L, 
120485495L, -2055395627L, -700815338L, 2077169676L, -58782289L, 
677421499L, 824329131L, 1486279726L, -401126321L, 900667060L, 
1870792231L, -1935743268L, -571946119L, 503609205L, -1566856767L, 
-1201006971L, -1647707416L, 338640409L, 1222909126L, 2087091735L, 
2066158244L, 1078738057L, -103312968L, 1121798854L, 538837091L, 
-1237995730L, -881932758L, -757861012L, -551608127L, -2020752577L, 
-1547694006L, -218434021L, 1624306994L, 1677176784L, -55965306L, 
-2021486974L, -666413112L, -922341996L, 869858667L, -1733998935L, 
323194940L, -1867809214L, -1029286458L, 1886824557L, -1232016796L, 
-149970401L, 1978849129L, 1867894990L, -1302039265L, -1382394597L, 
319637928L, 2140811726L, -1241597571L, 1871244044L, -809003779L, 
-22232423L, -635202063L, -1015819023L, -1201593975L, -1857677973L, 
873539790L, -1582536574L, 172477493L, -437574796L, -368329108L, 
-1747985066L, -71309999L, -1900411105L, 760425890L, 857333322L, 
-655228322L, -965823250L, 1475288742L, 773890709L, 135925637L, 
399805601L, 927996115L, 598300731L, 125973126L, 528844620L, -830976134L, 
-386926178L, 1564893302L, -884736661L, -1375518663L, 215965994L, 
-1144545888L, 1895928207L, 1500092665L, -1596941785L, 1092947868L, 
